0 13643776 4217856 3391488 68608 3057664 7378944 3146752 3445760 1528832 48128 117760 428032 378880 470016 415744 15360 16384 51200 24576 98304 1498112 0 559104 14336 51200 37888 138240 75776 102400 28672 173056 332800 184320 282624 1042432 501760 1992704 506880 206848 927744 793600 376832 736256 334848 499712 240640 497664 1019904 804864 1093632 1499136 4217856 188416 293888 1035264 1540096 2187264 634880 3008512 721920 703488 542720 5662720
12063744 0 6351872 3379200 439296 1013760 2914304 811008 1712128 1666048 67584 847872 658432 610304 1951744 503808 95232 89088 72704 154624 52224 513024 0 190464 27648 14336 23552 64512 95232 37888 41984 99328 432128 218112 483328 1485824 339968 2485248 823296 484352 470016 1975296 685056 1931264 497664 1169408 485376 1539072 3899392 1686528 2277376 1600512 6233088 635904 632832 2107392 4380672 5314560 1008640 3479552 1185792 913408 1690624 8141824
4011008 5537792 0 3561472 500736 1029120 2763776 1387520 1808384 1275904 239616 576512 1174528 489472 544768 636928 1974272 1143808 1287168 1570816 979968 304128 0 193536 61440 63488 323584 634880 412672 328704 245760 205824 596992 1012736 798720 1157120 1217536 1327104 831488 412672 654336 1126400 1160192 1198080 1745920 1563648 860160 900096 1953792 1065984 1120256 1325056 1799168 758784 738304 1153024 1171456 1534976 321536 2042880 1134592 924672 860160 2505728
3030016 4013056 3610624 0 1032192 393216 2006016 422912 843776 1807360 244736 477184 875520 614400 567296 478208 89088 363520 73728 90112 165888 784384 0 446464 205824 59392 749568 1829888 460800 304128 152576 229376 528384 260096 290816 703488 196608 1696768 415744 1308672 419840 806912 785408 488448 1492992 1260544 809984 1606656 1067008 1440768 881664 2117632 1592320 1136640 797696 2111488 1165312 979968 187392 1134592 692224 358400 208896 1288192
55296 632832 1402880 1795072 0 18432 318464 56320 2059264 10222592 2166784 1953792 9801728 8461312 1078272 1531904 644096 1586176 188416 136192 543744 879616 0 724992 3609600 6017024 2506752 4535296 2473984 2650112 3381248 7845888 232448 115712 334848 429056 290816 529408 883712 1490944 310272 966656 2194432 315392 2246656 10098688 2534400 7584768 918528 184320 362496 610304 3376128 1167360 799744 4187136 667648 76800 17408 178176 621568 700416 1218560 182272
2767872 1202176 1598464 534528 29696 0 5181440 9631744 861184 141312 35840 14336 187392 180224 68608 86016 4096 13312 6144 10240 10240 43008 0 3072 19456 3072 12288 27648 77824 9216 0 6144 246784 123904 435200 1061888 1184768 219136 64512 117760 1208320 87040 66560 284672 118784 220160 219136 151552 99328 710656 269312 240640 402432 55296 65536 103424 270336 269312 133120 2079744 1161216 178176 55296 319488
6052864 2412544 3061760 2249728 224256 4769792 0 7655424 1341440 1076224 175104 148480 971776 627712 404480 1072128 38912 62464 82944 23552 70656 432128 0 144384 60416 241664 58368 182272 124928 67584 32768 119808 1486848 576512 626688 1511424 1468416 825344 464896 322560 2177024 1102848 933888 1134592 1368064 694272 1242112 1293312 450560 2515968 1073152 1913856 1477632 404480 463872 1101824 1069056 1086464 534528 3334144 1099776 712704 594944 1038336
3056640 871424 1886208 585728 37888 7220224 8327168 0 793600 274432 270336 480256 345088 202752 274432 540672 35840 25600 40960 16384 16384 60416 0 6144 82944 92160 18432 70656 16384 22528 6144 11264 454656 161792 398336 580608 613376 284672 192512 89088 316416 386048 101376 256000 416768 186368 139264 238592 200704 490496 325632 390144 287744 67584 69632 106496 321536 443392 307200 1546240 778240 236544 187392 504832
2136064 1425408 1697792 1103872 850944 480256 1177600 769024 0 3175424 1764352 2043904 2898944 3144704 5458944 4096000 93184 161792 342016 126976 105472 216064 0 29696 321536 111616 41984 453632 110592 120832 19456 96256 206848 132096 205824 421888 165888 293888 135168 137216 244736 547840 437248 272384 1843200 1617920 387072 934912 745472 942080 463872 728064 604160 658432 174080 929792 274432 751616 167936 607232 551936 486400 1042432 666624
649216 1794048 1249280 1737728 4915200 109568 1154048 512000 3265536 0 1297408 1438720 4613120 3753984 3286016 2808832 225280 890880 227328 240640 319488 1175552 0 514048 1024000 395264 954368 2222080 882688 1153024 457728 1748992 834560 455680 443392 820224 352256 887808 667648 1697792 543744 2191360 1884160 1015808 3690496 5799936 1116160 2679808 1013760 1177600 964608 2091008 2768896 1961984 1542144 2399232 1435648 751616 286720 870400 1167360 1263616 1466368 1053696
54272 78848 316416 254976 1686528 38912 200704 669696 1732608 1500160 0 18956288 3443712 1037312 1670144 4058112 2319360 4070400 2583552 1968128 2236416 266240 0 253952 2380800 1873920 1723392 2622464 1443840 1723392 1155072 921600 146432 45056 169984 192512 146432 129024 275456 353280 112640 188416 707584 91136 919552 550912 74752 818176 228352 143360 207872 399360 263168 459776 174080 418816 228352 126976 54272 238592 419840 542720 846848 53248
100352 454656 537600 666624 1181696 15360 227328 799744 1553408 1398784 16910336 0 1608704 940032 2513920 2670592 1837056 1959936 2061312 1454080 688128 390144 0 195584 2238464 1039360 1653760 2936832 1708032 2706432 978944 642048 53248 19456 52224 112640 46080 183296 285696 512000 82944 191488 567296 78848 319488 231424 90112 363520 188416 221184 83968 447488 215040 574464 68608 720896 428032 280576 296960 304128 254976 266240 319488 99328
183296 770048 1018880 1969152 5500928 143360 1228800 217088 4332544 5471232 2957312 1585152 0 4772864 4642816 4471808 389120 1134592 276480 77824 229376 156672 0 88064 344064 464896 230400 852992 236544 241664 439296 837632 1050624 685056 582656 939008 342016 409600 345088 622592 493568 1933312 2072576 648192 8623104 12540928 4469760 6196224 699392 218112 702464 651264 2267136 850944 2004992 3799040 549888 407552 95232 473088 1253376 933888 637952 490496
198656 595968 332800 679936 3398656 110592 522240 133120 3508224 3231744 720896 1022976 3507200 0 4352000 3298304 107520 168960 59392 23552 112640 282624 0 57344 169984 115712 321536 334848 535552 328704 620544 401408 215040 144384 159744 338944 178176 254976 332800 641024 212992 941056 1089536 314368 2878464 4257792 868352 2839552 723968 1518592 264192 563200 604160 972800 456704 1230848 290816 173056 52224 238592 539648 337920 732160 370688
385024 1617920 726016 754688 1074176 64512 431104 391168 7474176 3575808 1634304 2975744 4583424 5456896 0 7607296 65536 87040 276480 54272 91136 137216 0 20480 246784 264192 96256 1576960 578560 570368 46080 63488 689152 434176 576512 417792 179200 164864 186368 273408 216064 836608 1020928 333824 2148352 3122176 496640 1481728 1209344 957440 655360 1494016 677888 1200128 715776 2453504 488448 649216 303104 956416 723968 607232 394240 1147904
357376 325632 648192 559104 1171456 64512 1082368 921600 4759552 2948096 3063808 2797568 3543040 3788800 5412864 0 138240 374784 497664 223232 197632 153600 0 309248 479232 459776 542720 1355776 618496 365568 288768 686080 826368 433152 698368 789504 1274880 527360 809984 434176 421888 1222656 1168384 586752 3258368 1826816 870400 1542144 787456 866304 782336 1299456 838656 390144 346112 1247232 457728 596992 248832 1026048 823296 1401856 1206272 465920
16384 83968 2124800 84992 640000 11264 39936 40960 122880 296960 1802240 2455552 707584 68608 40960 121856 0 4121600 1702912 2791424 3821568 193536 0 200704 577536 270336 1022976 773120 1327104 796672 815104 769024 45056 15360 78848 30720 109568 88064 100352 140288 60416 65536 272384 39936 824320 337920 66560 92160 103424 13312 118784 21504 121856 159744 67584 105472 81920 26624 4096 24576 59392 797696 32768 26624
27648 84992 1301504 337920 1052672 11264 46080 28672 219136 709632 4006912 2078720 1131520 139264 91136 463872 4624384 0 5807104 11181056 7678976 318464 0 504832 443392 276480 926720 1006592 984064 634880 1597440 1213440 74752 39936 117760 87040 79872 140288 169984 476160 90112 185344 483328 65536 587776 615424 333824 509952 244736 64512 254976 125952 346112 277504 184320 404480 179200 89088 26624 59392 236544 1019904 109568 52224
26624 80896 1637376 48128 84992 6144 96256 62464 372736 352256 1918976 2211840 261120 69632 300032 706560 1592320 5435392 0 18689024 5667840 46080 0 43008 230400 119808 231424 516096 239616 131072 40960 74752 41984 26624 11264 137216 28672 28672 16384 30720 15360 67584 111616 24576 221184 51200 34816 77824 242688 35840 46080 35840 44032 51200 12288 44032 23552 143360 7168 231424 93184 47104 871424 19456
51200 131072 1981440 100352 206848 10240 21504 20480 159744 423936 2112512 2071552 166912 32768 74752 259072 2849792 13026304 22475776 0 10203136 55296 0 38912 499712 205824 336896 932864 192512 172032 82944 62464 38912 11264 26624 52224 23552 104448 43008 76800 27648 67584 156672 51200 63488 38912 26624 69632 111616 35840 57344 30720 72704 75776 15360 63488 50176 57344 6144 186368 101376 72704 297984 19456
136192 49152 1114112 275456 694272 13312 79872 13312 141312 344064 3005440 857088 338944 141312 103424 434176 3493888 9330688 5514240 9706496 0 4758528 0 2794496 899072 507904 5181440 3766272 2746368 2818048 2795520 5039104 46080 11264 75776 71680 47104 51200 279552 1533952 20480 58368 888832 12288 162816 190464 8192 99328 227328 37888 772096 283648 1472512 446464 227328 318464 94208 106496 34816 66560 161792 525312 171008 115712
1932288 553984 408576 818176 823296 21504 679936 63488 246784 1343488 283648 559104 220160 531456 169984 205824 197632 393216 68608 53248 5193728 0 0 9298944 908288 266240 5673984 3194880 2301952 3372032 1460224 6156288 22528 28672 93184 112640 183296 221184 146432 2419712 136192 195584 647168 64512 184320 277504 44032 115712 167936 173056 328704 587776 2382848 709632 166912 883712 126976 283648 95232 113664 239616 409600 27648 2595840
0 0 0 0 0 0 0 0 0 0 0 0 0 0 0 0 0 0 0 0 0 0 0 10012672 0 0 0 0 0 0 0 0 0 0 0 0 0 1024 0 0 0 0 0 0 0 0 0 0 0 0 0 0 0 0 0 0 0 0 0 0 0 0 0 0
1104896 126976 224256 539648 731136 3072 179200 7168 39936 724992 325632 292864 115712 90112 17408 318464 238592 855040 44032 65536 3579904 8059904 7608320 0 591872 338944 4389888 3108864 3177472 2446336 2718720 8082432 67584 65536 87040 76800 278528 316416 146432 1649664 138240 174080 1031168 53248 166912 96256 46080 217088 114688 187392 253952 268288 2306048 389120 578560 1118208 196608 72704 18432 21504 409600 869376 66560 215040
16384 28672 69632 212992 2505728 5120 73728 110592 394240 995328 3628032 3333120 404480 190464 506880 751616 531456 583680 367616 610304 903168 1103872 0 645120 0 9707520 4473856 7390208 2844672 5086208 1464320 1634304 61440 82944 75776 121856 142336 146432 616448 1843200 119808 164864 1255424 69632 123904 97280 73728 234496 70656 266240 178176 274432 425984 891904 411648 480256 543744 35840 6144 37888 447488 281600 96256 41984
14336 20480 63488 59392 3706880 3072 217088 108544 135168 349184 1972224 1064960 489472 133120 276480 549888 249856 357376 91136 144384 407552 254976 0 288768 8924160 0 1464320 2323456 878592 1466368 1448960 1472512 81920 54272 47104 50176 58368 73728 371712 446464 52224 53248 527360 67584 172032 140288 37888 197632 63488 44032 47104 125952 201728 137216 337920 254976 86016 16384 2048 16384 156672 214016 157696 31744
38912 30720 387072 1252352 2708480 9216 74752 19456 38912 1540096 2125824 2656256 346112 583680 126976 1089536 1593344 1528832 449536 409600 7220224 8470528 0 5983232 5915648 2192384 0 14740480 9360384 17305600 7176192 11136000 93184 57344 104448 29696 184320 137216 150528 6868992 76800 272384 2519040 29696 131072 235520 30720 456704 252928 220160 231424 252928 1901568 3133440 489472 964608 815104 27648 16384 56320 543744 814080 94208 134144
178176 62464 751616 2031616 4257792 10240 226304 79872 418816 3387392 3020800 3845120 1679360 417792 1465344 1805312 871424 1693696 741376 883712 4293632 3526656 0 3571712 10531840 3442688 14228480 0 5391360 7358464 3118080 5112832 317440 159744 164864 224256 144384 317440 592896 4444160 129024 468992 3291136 145408 548864 435200 235520 563200 221184 274432 712704 424960 1508352 2364416 1528832 3077120 1505280 64512 12288 182272 601088 555008 194560 379904
71680 163840 480256 591872 1856512 76800 128000 23552 128000 951296 1212416 1895424 261120 676864 555008 858112 2331648 2437120 294912 225280 2018304 2433024 0 3635200 2799616 951296 7192576 4718592 0 6811648 5771264 6790144 205824 134144 857088 254976 1636352 494592 472064 3695616 645120 232448 2059264 205824 531456 690176 187392 570368 278528 386048 302080 956416 954368 695296 601088 1390592 411648 86016 18432 219136 271360 4418560 114688 160768
121856 38912 380928 476160 3300352 28672 65536 18432 98304 1166336 2392064 4083712 389120 483328 831488 470016 784384 837632 140288 226304 2985984 4216832 0 2862080 5557248 1624064 15205376 7399424 7410688 0 5136384 3317760 16384 25600 89088 103424 120832 135168 226304 3131392 140288 262144 1481728 45056 63488 231424 25600 227328 277504 1030144 190464 618496 707584 1656832 230400 357376 1497088 312320 28672 56320 821248 558080 119808 67584
32768 38912 223232 196608 4282368 0 48128 5120 24576 699392 2794496 1526784 437248 1335296 41984 951296 1798144 3113984 98304 70656 3939328 2185216 0 4645888 1653760 2546688 10216448 3194880 10285056 7703552 0 13207552 27648 32768 192512 67584 591872 206848 207872 1281024 320512 179200 942080 51200 595968 601088 219136 1915904 195584 153600 190464 178176 1975296 394240 161792 525312 248832 64512 4096 25600 477184 954368 105472 54272
249856 123904 230400 373760 6480896 6144 134144 14336 133120 2435072 1096704 864256 1795072 628736 75776 1466368 1041408 2571264 120832 77824 6051840 6744064 0 9798656 2007040 2205696 10787840 6120448 7112704 3706880 8446976 0 128000 107520 209920 152576 1033216 246784 699392 3030016 392192 256000 2095104 113664 943104 3006464 764928 1803264 567296 248832 1157120 401408 4705280 641024 288768 1122304 233472 64512 20480 27648 440320 1808384 134144 172032
225280 357376 652288 422912 208896 251904 1388544 455680 247808 1087488 110592 48128 1079296 235520 596992 702464 92160 88064 38912 25600 52224 18432 0 72704 59392 72704 78848 267264 180224 16384 28672 99328 0 9291776 6802432 4849664 2623488 2425856 1183744 1332224 1339392 1366016 1039360 1349632 1977344 860160 2511872 1359872 648192 542720 1699840 958464 1485824 425984 1788928 2212864 741376 399360 137216 1233920 606208 2281472 538624 1622016
128000 173056 1629184 379904 148480 113664 632832 163840 137216 521216 55296 21504 906240 283648 581632 473088 16384 39936 28672 10240 12288 31744 0 44032 98304 61440 36864 259072 138240 31744 17408 91136 12738560 0 10000384 8956928 5421056 2335744 1100800 488448 2241536 1297408 974848 1308672 612352 628736 3631104 933888 369664 219136 928768 455680 765952 373760 433152 806912 331776 132096 41984 547840 452608 1686528 319488 555008
295936 305152 1040384 382976 303104 196608 630784 246784 195584 457728 179200 47104 622592 221184 405504 657408 72704 93184 14336 29696 103424 73728 0 87040 81920 55296 100352 178176 762880 71680 132096 195584 7848960 9670656 0 9479168 7607296 2812928 2565120 2269184 4257792 1888256 2591744 2176000 813056 961536 3297280 1255424 1128448 461824 1149952 1201152 1461248 288768 822272 892928 1022976 252928 82944 918528 376832 1614848 266240 1094656
806912 1341440 1145856 595968 328704 1235968 1387520 707584 689152 906240 215040 188416 884736 393216 533504 1176576 29696 131072 165888 57344 65536 102400 0 87040 145408 65536 31744 247808 260096 126976 45056 146432 6292480 7505920 9150464 0 6153216 4350976 3678208 1918976 6797312 5783552 1825792 3701760 1169408 1874944 6260736 2707456 1851392 966656 3043328 1812480 3879936 787456 890880 1017856 2468864 602112 653312 4019200 1530880 2086912 1010688 3411968
413696 352256 3394560 192512 286720 665600 940032 457728 198656 404480 136192 44032 300032 265216 154624 1973248 125952 91136 33792 24576 44032 216064 0 327680 193536 61440 202752 139264 2028544 123904 574464 1254400 3773440 5601280 10551296 6565888 0 16526336 4851712 3182592 13570048 3281920 4670464 1963008 387072 1118208 6027264 1779712 2009088 594944 2720768 982016 1143808 780288 321536 434176 1173504 243712 142336 673792 1700864 5225472 311296 526336
949248 1893376 1679360 783360 382976 246784 948224 291840 339968 857088 135168 166912 432128 348160 164864 694272 69632 136192 22528 37888 51200 147456 1024 250880 125952 75776 111616 321536 416768 118784 110592 168960 2886656 2221056 2460672 3567616 6930432 0 1812480 1019904 5056512 3793920 1932288 2217984 813056 1372160 2774016 1437696 955392 565248 2456576 1531904 2639872 686080 681984 1593344 1258496 689152 193536 972800 2545664 3347456 996352 1397760
344064 620544 983040 378880 575488 63488 463872 147456 115712 809984 251904 218112 336896 506880 220160 1186816 90112 155648 18432 43008 121856 138240 0 143360 320512 181248 106496 478208 375808 147456 86016 349184 1596416 928768 2148352 3613696 3232768 1695744 0 4543488 2059264 1678336 1089536 1686528 1155072 1259520 1370112 3395584 2114560 658432 1933312 1337344 1534976 1067008 745472 535552 2415616 722944 334848 1845248 572416 1399808 764928 1629184
190464 369664 267264 1034240 1287168 59392 239616 66560 102400 1460224 370688 492544 463872 827392 339968 540672 189440 631808 31744 62464 1379328 1880064 0 1352704 1319936 431104 3076096 3507200 2516992 2014208 952320 2050048 1000448 331776 1819648 1363968 2126848 904192 3025920 0 2156544 1135616 3896320 1910784 890880 797696 702464 1199104 6654976 655360 1778688 3192832 1246208 3194880 969728 1077248 2723840 537600 200704 651264 635904 1367040 234496 1472512
723968 518144 752640 538624 234496 1054720 1504256 276480 246784 764928 128000 94208 539648 204800 188416 594944 60416 59392 16384 26624 32768 99328 0 123904 129024 53248 70656 137216 493568 93184 184320 353280 1453056 1946624 4542464 9613312 10874880 9682944 2545664 2923520 0 14141440 10221568 7444480 742400 940032 2545664 2863104 1452032 453632 1602560 1403904 1438720 604160 362496 516096 1196032 172032 135168 1077248 1278976 1715200 302080 1082368
637952 1588224 1117184 1330176 761856 87040 1388544 253952 609280 2236416 256000 227328 1616896 1154048 763904 1520640 65536 153600 99328 61440 46080 137216 0 119808 174080 51200 120832 368640 247808 137216 117760 164864 1521664 1288192 2348032 5389312 3098624 4746240 1939456 1274880 10300416 0 7086080 7431168 6076416 3149824 2056192 2831360 2612224 1096704 2891776 2098176 3944448 2368512 1180672 2018304 1804288 724992 333824 1540096 934912 1437696 1576960 2869248
297984 582656 1158144 819200 1462272 60416 1239040 210944 378880 1781760 664576 407552 2191360 1501184 775168 1510400 239616 532480 101376 129024 592896 558080 0 868352 1125376 559104 1238016 2221056 1540096 1074176 747520 1202176 1052672 800768 2197504 1753088 3251200 2192384 1125376 4244480 8803328 7726080 0 11952128 5110784 2418688 2784256 2380800 2550784 487424 1890304 1666048 2635776 1707008 1779712 3414016 2164736 659456 382976 1061888 618496 2423808 860160 2442240
758784 1835008 1897472 577536 271360 202752 1350656 239616 283648 1299456 136192 94208 708608 371712 328704 681984 38912 72704 23552 49152 12288 69632 0 94208 75776 58368 30720 152576 177152 47104 41984 106496 1571840 1012736 2063360 3733504 1694720 3048448 1968128 2152448 6620160 8690688 13047808 0 3309568 2959360 2875392 4545536 3653632 1163264 2548736 4009984 2933760 2992128 1331200 1421312 5209088 1374208 793600 3536896 921600 2117632 1793024 6261760
429056 564224 1998848 2750464 2805760 99328 1711104 555008 2084864 4250624 1068032 381952 7390208 3852288 2537472 3789824 571392 686080 201728 129024 175104 223232 0 156672 131072 120832 109568 578560 513024 56320 403456 603136 2436096 737280 1077248 1345536 372736 903168 1159168 1346560 825344 9193472 6917120 3282944 0 7219200 5146624 7133184 2380800 679936 1975296 1677312 5638144 2573312 2819072 5977088 1321984 1067008 804864 2024448 1213440 1226752 3459072 1513472
368640 1694720 1705984 2323456 7996416 169984 837632 224256 2967552 7799808 522240 288768 12966912 6144000 4115456 2514944 281600 957440 79872 49152 115712 273408 0 83968 83968 125952 185344 327680 671744 211968 696320 2493440 958464 772096 973824 1967104 906240 1460224 1176576 1117184 883712 3687424 2564096 2719744 8660992 0 9752576 8801280 2538496 634880 1391616 1707008 4148224 1385472 1507328 4661248 2599936 592896 163840 988160 1942528 2933760 2000896 2085888
226304 517120 1267712 1898496 4279296 186368 2118656 109568 472064 1527808 123904 128000 5665792 1340416 617472 1331200 50176 772096 96256 17408 8192 29696 0 45056 51200 41984 43008 333824 194560 19456 194560 833536 3104768 2423808 3461120 5778432 4141056 2679808 1231872 1064960 2105344 2544640 3509248 3813376 6880256 12881920 0 18464768 1805312 405504 1643520 1472512 2468864 843776 1214464 2871296 1819648 483328 286720 1183744 1323008 1614848 1348608 3041280
318464 2025472 816128 1541120 4898816 154624 1045504 226304 1028096 2647040 864256 625664 5251072 3636224 1173504 1865728 106496 626688 93184 57344 72704 111616 0 129024 228352 178176 221184 382976 386048 210944 851968 1178624 1573888 635904 1103872 2534400 1253376 1506304 2278400 1330176 1501184 2826240 2004992 3461120 6276096 7182336 8892416 0 1249280 716800 1520640 2016256 2370560 1468416 1175552 1799168 3062784 899072 206848 1532928 1982464 1967104 2352128 2585600
674816 2719744 1675264 806912 541696 69632 458752 204800 726016 887808 141312 201728 538624 801792 1130496 813056 106496 113664 182272 84992 181248 182272 0 76800 52224 40960 121856 178176 277504 175104 81920 418816 577536 271360 1149952 1542144 1329152 975872 1846272 5588992 1117184 2574336 2558976 3473408 1642496 2451456 950272 1293312 0 4346880 4006912 4267008 1626112 1983488 1015808 1121280 6161408 2608128 1020928 2371584 782336 2979840 1806336 4218880
869376 1205248 740352 1203200 187392 544768 1722368 381952 1111040 1022976 168960 287744 325632 1224704 935936 822272 14336 53248 28672 32768 32768 144384 0 137216 166912 41984 123904 294912 260096 691200 53248 168960 543744 177152 470016 785408 516096 759808 645120 1186816 380928 966656 538624 979968 672768 509952 316416 851968 4509696 0 2795520 8909824 1300480 1197056 1158144 786432 1856512 1980416 1099776 1995776 1363968 1302528 1057792 3383296
780288 2039808 1248256 790528 240640 195584 1033216 268288 555008 878592 208896 96256 546816 241664 613376 1042432 76800 279552 31744 44032 509952 282624 0 237568 100352 48128 228352 452608 263168 147456 156672 612352 1859584 780288 1027072 2396160 1797120 2301952 1453056 2151424 1186816 2716672 1792000 2396160 1387520 1526784 1642496 1509376 3632128 2841600 0 5668864 4364288 1229824 2194432 3265536 3645440 1849344 1003520 5843968 1359872 2636800 1703936 9018368
1075200 1932288 1583104 2677760 452608 307200 2177024 393216 835584 2308096 293888 414720 721920 621568 1794048 1434624 22528 123904 35840 24576 203776 368640 0 209920 236544 119808 193536 361472 604160 657408 166912 342016 1336320 453632 1462272 2019328 919552 1832960 1484800 5024768 1411072 2041856 1841152 3806208 1693696 1856512 1408000 2514944 5130240 9196544 7867392 0 3110912 3000320 4068352 1781760 5522432 5615616 644096 2415616 3525632 2535424 890880 4514816
3444736 5196800 2309120 1805312 2002944 450560 1588224 225280 564224 2991104 270336 209920 2656256 703488 595968 963584 104448 398336 65536 53248 1110016 1933312 0 1708032 306176 191488 1157120 1121280 918528 509952 960512 3281920 1525760 662528 1207296 3805184 989184 2567168 1376256 1318912 1290240 4761600 2618368 2496512 4973568 3561472 1740800 2490368 1924096 1563648 5240832 3117056 0 1697792 2703360 10864640 1938432 900096 245760 2031616 830464 1786880 1573888 5590016
188416 544768 468992 1180672 1058816 45056 354304 69632 375808 1571840 436224 642048 751616 972800 920576 355328 133120 327680 60416 64512 304128 543744 0 256000 832512 128000 1953792 1599488 628736 1261568 311296 526336 481280 278528 275456 600064 322560 578560 885760 2740224 513024 1798144 1629184 1845248 1605632 1168384 483328 1277952 2101248 963584 1316864 2476032 1372160 0 1114112 3092480 3771392 1013760 238592 1082368 611328 762880 596992 1359872
211968 558080 827392 779264 696320 63488 408576 76800 159744 1075200 142336 80896 1635328 428032 714752 289792 52224 174080 12288 14336 157696 155648 0 435200 236544 385024 391168 1645568 610304 174080 168960 225280 2057216 326656 635904 727040 234496 591872 633856 1024000 329728 956416 1444864 1139712 2191360 951296 998400 868352 817152 1230848 1702912 2632704 2343936 1280000 0 8672256 1167360 491520 202752 1183744 302080 766976 508928 3434496
659456 1333248 862208 1704960 2350080 80896 889856 118784 877568 2541568 313344 523264 4158464 1352704 1975296 997376 106496 417792 70656 62464 275456 790528 0 1331200 350208 230400 838656 2344960 1038336 311296 470016 784384 2103296 659456 927744 982016 352256 1641472 507904 1137664 490496 1870848 3516416 1370112 5165056 2911232 1428480 1688576 1022976 738304 2347008 1657856 9184256 4523008 7620608 0 991232 787456 181248 2188288 429056 805888 649216 3196928
1424384 4387840 1769472 1163264 582656 275456 1226752 422912 312320 1541120 195584 428032 702464 362496 406528 529408 80896 198656 25600 61440 81920 123904 0 126976 515072 112640 517120 1118208 483328 1264640 152576 216064 950272 348160 1143808 2500608 806912 1455104 2512896 2794496 1075200 1888256 2719744 5076992 1445888 2360320 1525760 3289088 6768640 2219008 4021248 6109184 2613248 4207616 1542144 1335296 0 10148864 6090752 7569408 2424832 3924992 2446336 7918592
1500160 4356096 1647616 930816 76800 287744 1147904 414720 599040 862208 172032 333824 536576 237568 625664 646144 28672 77824 105472 70656 94208 182272 0 90112 44032 18432 48128 90112 73728 253952 43008 68608 532480 126976 332800 580608 220160 868352 916480 665600 197632 638976 826368 1272832 1187840 478208 449536 824320 2556928 1978368 1924096 4454400 822272 945152 530432 971776 9147392 0 9434112 8541184 3640320 1048576 732160 6711296
559104 881664 362496 205824 22528 167936 623616 295936 157696 633856 49152 326656 112640 112640 525312 492544 4096 14336 10240 8192 24576 75776 0 18432 5120 1024 8192 13312 7168 20480 4096 17408 315392 39936 95232 620544 146432 183296 575488 197632 138240 293888 365568 708608 1193984 195584 502784 244736 942080 1171456 991232 756736 248832 305152 219136 229376 7510016 13470720 0 13900800 650240 391168 316416 6932480
2173952 3116032 2293760 955392 114688 1231872 3010560 1162240 701440 993280 129024 287744 464896 315392 1083392 1144832 28672 51200 209920 133120 55296 76800 0 25600 32768 20480 48128 210944 141312 49152 30720 24576 1446912 409600 910336 3542016 610304 868352 1440768 820224 989184 1313792 990208 2732032 1971200 943104 934912 1537024 2245632 2239488 5500928 1907712 2001920 1005568 1241088 2024448 5910528 7852032 7185408 0 1059840 2153472 1466368 6701056
516096 1236992 1158144 649216 710656 608256 1098752 679936 830464 1357824 588800 182272 1153024 722944 697344 1030144 45056 294912 71680 112640 122880 280576 0 334848 318464 151552 340992 376832 187392 497664 149504 288768 748544 540672 419840 1214464 1302528 2826240 707584 666624 1020928 997376 755712 864256 868352 1610752 917504 2260992 791552 1686528 1543168 3516416 949248 726016 556032 539648 2466816 3904512 660480 1314816 0 5057536 2735104 1844224
596992 948224 1604608 415744 916480 243712 835584 347136 979968 1523712 527360 318464 884736 549888 575488 1643520 877568 1238016 50176 72704 230400 367616 0 750592 282624 211968 525312 523264 2835456 532480 535552 1553408 2958336 1612800 1694720 2222080 4442112 3837952 1358848 1545216 2076672 1667072 3012608 1785856 1254400 3306496 1572864 2278400 1970176 1431552 3153920 2642944 2054144 826368 1040384 913408 2588672 1019904 419840 1884160 5558272 0 2288640 1835008
391168 2074624 1199104 324608 900096 53248 695296 200704 1797120 1656832 743424 295936 1013760 831488 491520 1466368 26624 73728 402432 187392 172032 24576 0 75776 80896 140288 80896 186368 129024 82944 70656 90112 624640 232448 294912 989184 528384 1711104 1317888 364544 290816 2295808 1342464 1894400 2884608 2163712 1632256 3478528 1909760 1896448 1994752 1471488 1703936 922624 855040 585728 2589696 931840 565248 1987584 3311616 2904064 0 4001792
3808256 7830528 2236416 1416192 164864 295936 1136640 440320 652288 1225728 47104 93184 479232 338944 1233920 533504 22528 57344 13312 21504 92160 1228800 0 185344 34816 21504 90112 321536 167936 53248 55296 160768 2293760 465920 999424 3280896 518144 1521664 1847296 1835008 1078272 3188736 2574336 4624384 1244160 2049024 2219008 3081216 5421056 4929536 10676224 4311040 5807104 1781760 4530176 4593664 7308288 7282688 6312960 8928256 1661952 2188288 3293184 0
