0 15191040 12402688 12646400 8695808 8756224 6140928 452608 858112 1952768 4244480 1119232 619520 915456 1352704 636928 2842624 2724864 2481152 3012608 7492608 6521856 17031168 6446080 2572288 3215360 7584768 3892224 5687296 1459200 3377152 3245056
16420864 0 16563200 12293120 8705024 10910720 93184 6552576 794624 1341440 5788672 5040128 3817472 9757696 6641664 6351872 1004544 876544 4003840 2924544 6853632 3186688 17859584 3128320 2942976 1916928 3876864 527360 2446336 368640 2390016 1917952
10024960 11649024 0 15544320 3108864 5113856 937984 796672 837632 750592 3996672 382976 386048 411648 505856 274432 1251328 932864 1293312 2157568 2804736 2086912 6903808 2394112 1361920 3529728 3463168 3301376 1568768 880640 2122752 1783808
12724224 11030528 21235712 0 4125696 7687168 424960 1184768 1458176 746496 8361984 780288 288768 786432 525312 285696 1292288 1632256 1206272 1213440 5829632 2079744 8502272 3475456 1456128 1506304 4780032 1285120 2916352 1448960 3716096 3388416
8711168 6651904 3380224 4000768 0 16214016 822272 598016 146432 456704 528384 846848 2140160 1114112 2126848 963584 4403200 3454976 4259840 3207168 9894912 5338112 8154112 12983296 4152320 4058112 6726656 8900608 6466560 2937856 7479296 7489536
8468480 8153088 5050368 6281216 15433728 0 278528 2742272 1598464 1316864 4301824 4932608 4940800 5104640 2772992 718848 2970624 2966528 2793472 3188736 8380416 3693568 6130688 7144448 4000768 7787520 5029888 1252352 5652480 980992 4333568 3058688
10178560 104448 1810432 604160 991232 243712 0 25600 18432 67584 221184 107520 251904 36864 77824 6144 2156544 1107968 463872 1898496 456704 686080 1270784 1378304 474112 1110016 11525120 8158208 1352704 1585152 3479552 1385472
410624 6689792 936960 1660928 563200 2686976 30720 0 1177600 1439744 6965248 11489280 4483072 7335936 4948992 2080768 644096 246784 1483776 1054720 3399680 325632 428032 332800 801792 1485824 505856 82944 490496 39936 1341440 397312
1026048 662528 679936 1393664 113664 1940480 18432 993280 0 30213120 6216704 2996224 231424 577536 1388544 160768 116736 58368 219136 133120 649216 109568 96256 171008 2583552 435200 280576 1481728 924672 131072 130048 96256
1677312 1054720 825344 884736 348160 1238016 54272 1221632 25440256 0 8606720 6452224 545792 1112064 2176000 326656 360448 181248 419840 886784 849920 222208 702464 259072 2160640 484352 492544 484352 688128 98304 329728 166912
5279744 4198400 5113856 7742464 494592 4617216 155648 6068224 6461440 8924160 0 10607616 1949696 5994496 4553728 930816 653312 292864 1079296 1316864 2669568 740352 692224 690176 531456 1821696 1031168 789504 2269184 720896 1513472 765952
1221632 5389312 529408 772096 1038336 6548480 115712 13276160 3685376 6744064 9042944 0 9149440 21978112 10783744 2739200 502784 197632 2459648 1838080 5003264 389120 482304 406528 2196480 2058240 673792 516096 1418240 123904 1489920 969728
830464 3676160 607232 311296 3262464 6215680 219136 4377600 417792 875520 2504704 10882048 0 28846080 17409024 7461888 708608 219136 6178816 4840448 3517440 476160 531456 605184 1939456 2051072 4020224 2321408 6982656 654336 4017152 979968
1593344 10041344 749568 1261568 1329152 9756672 18432 11242496 921600 1575936 10727424 28772352 29908992 0 23902208 8982528 549888 112640 2950144 3624960 5621760 337920 939008 372736 1188864 2370560 740352 234496 3681280 143360 4195328 677888
1142784 6164480 690176 588800 2541568 2906112 82944 5747712 2281472 2798592 5695488 10612736 14221312 18349056 0 9719808 1025024 988160 4849664 4759552 2481152 931840 1898496 1065984 1682432 881664 584704 125952 1002496 72704 2272256 326656
758784 2776064 378880 259072 776192 607232 7168 1901568 120832 384000 998400 2113536 4968448 4057088 6394880 0 547840 215040 1107968 2529280 1121280 377856 1884160 421888 202752 344064 149504 47104 124928 22528 710656 101376
2674688 983040 1316864 1114112 4048896 3037184 1820672 537600 121856 351232 588800 523264 491520 346112 678912 427008 0 20029440 4689920 9640960 3870720 5476352 6571008 8764416 1943552 1583104 3030016 1636352 1372160 1083392 4071424 2749440
3004416 1073152 1042432 1486848 3963904 3326976 652288 307200 61440 229376 291840 219136 202752 122880 822272 196608 26582016 0 5376000 16555008 5619712 9098240 9398272 9594880 2193408 1309696 2201600 854016 992256 436224 2611200 1782784
2522112 3175424 1119232 1293312 3550208 2745344 367616 1062912 165888 402432 1026048 2003968 3812352 1880064 3096576 1053696 4648960 4632576 0 9551872 4458496 5064704 6805504 9980928 6707200 1904640 3349504 1879040 2724864 1949696 5072896 3131392
2643968 2428928 2447360 1127424 3537920 3434496 898048 891904 140288 716800 1097728 1649664 2913280 2045952 4443136 2668544 10818560 17958912 12832768 0 8026112 19880960 11432960 8094720 5411840 3930112 3575808 1819648 2653184 1122304 6790144 7216128
7297024 5872640 3104768 5542912 8680448 9233408 323584 2838528 631808 776192 2685952 3093504 2116608 2620416 2024448 1059840 3984384 5900288 4987904 6868992 0 20074496 9509888 18332672 7410688 5045248 5158912 2234368 6603776 2952192 7462912 4882432
4571136 3045376 3149824 2027520 4979712 3149824 600064 390144 144384 217088 738304 396288 395264 248832 708608 366592 7443456 10100736 6576128 17458176 19750912 0 9653248 17844224 7380992 2223104 3152896 2661376 3448832 1974272 4482048 3694592
21003264 17580032 10771456 11378688 10204160 7341056 747520 482304 73728 1321984 847872 492544 463872 859136 1722368 2323456 6139904 7515136 10203136 10275840 9499648 8847360 0 14663680 4711424 3564544 6126592 1895424 5130240 1443840 5713920 5401600
6483968 2971648 2837504 3148800 13964288 7941120 975872 370688 177152 263168 752640 444416 505856 410624 590848 355328 9502720 8098816 11373568 7871488 17643520 13101056 15741952 0 10375168 3848192 13326336 8449024 8169472 6609920 7970816 10157056
2408448 2737152 1112064 1260544 3900416 4039680 445440 652288 2010112 2260992 612352 1813504 1350656 782336 1280000 222208 1917952 2499584 6996992 4472832 6608896 6380544 4135936 8664064 0 4799488 7789568 7178240 5493760 6043648 6071296 7215104
3790848 2364416 4886528 1920000 4497408 11020288 1073152 1356800 410624 651264 1866752 2188288 1745920 1874944 946176 505856 1656832 1198080 1912832 4122624 5741568 2412544 3473408 4240384 5106688 0 6062080 5268480 5319680 1947648 7479296 3158016
7112704 2760704 2603008 3620864 6163456 3778560 6665216 388096 172032 631808 776192 661504 1620992 514048 492544 130048 2716672 2434048 3300352 2744320 4195328 2933760 5150720 10549248 7356416 4600832 0 12817408 8299520 10369024 7548928 8034304
5892096 606208 5833728 1789952 11075584 1928192 8591360 103424 884736 495616 1503232 772096 2686976 304128 151552 48128 2021376 982016 3468288 2195456 2291712 3220480 1882112 10433536 9982976 5630976 19259392 0 6678528 7604224 5098496 5154816
4592640 2134016 1772544 3332096 4747264 4512768 1083392 445440 481280 557056 1505280 948224 2864128 1716224 705536 129024 1580032 1107968 2920448 2409472 5046272 3282944 5325824 7950336 5259264 4286464 9645056 4724736 0 19523584 13326336 10427392
1873920 464896 877568 2020352 2888704 892928 1368064 47104 142336 96256 927744 135168 442368 132096 105472 19456 1320960 465920 2392064 1061888 2561024 1983488 1602560 8645632 5836800 1870848 13023232 7092224 25307136 0 7537664 14714880
3907584 2351104 2042880 4434944 8186880 4121600 1716224 998400 133120 254976 1368064 1543168 1769472 2415616 1628160 527360 4060160 3189760 5296128 5899264 7137280 4072448 6047744 7000064 5723136 7561216 8978432 3708928 15151104 7316480 0 13275136
2486272 1932288 2291712 3365888 7196672 3265536 934912 430080 90112 181248 715776 982016 637952 487424 305152 121856 3179520 2018304 3748864 6546432 4539392 3520512 4636672 9417728 7491584 3136512 8679424 4513792 10532864 14255104 11875328 0
