0 30271488 6748160 2307072 15700992 4074496 2071552 3505152 13706240 13716480 6610944 5169152 6905856 10236928 5821440 7770112
44517376 0 3100672 8986624 14740480 5010432 15820800 14234624 40673280 34179072 16967680 7556096 11594752 12608512 9267200 9372672
12683264 4232192 0 425984 4843520 1319936 3226624 1126400 14474240 17772544 7825408 6731776 32712704 28746752 14290944 25420800
2570240 7795712 174080 0 14298112 3085312 13177856 18051072 3630080 3788800 2268160 905216 1079296 2411520 378880 948224
13950976 12599296 2102272 12962816 0 20411392 12135424 17950720 6139904 8834048 4175872 2153472 4298752 4681728 2485248 3513344
3748864 3830784 992256 2775040 22463488 0 2246656 5676032 2268160 2438144 1388544 1267712 3449856 2271232 1283072 3723264
2889728 17470464 2440192 22010880 16563200 2941952 0 68599808 7136256 13649920 5683200 1982464 5080064 5793792 899072 5098496
5117952 16499712 1361920 24520704 25400320 7869440 63203328 0 7639040 12697600 13044736 6219776 3690496 9867264 2527232 2491392
16069632 36136960 9058304 2402304 7394304 2583552 4780032 6121472 0 32218112 44301312 23771136 23556096 20891648 15752192 19730432
13514752 26179584 10855424 3314688 8962048 2268160 10307584 8321024 26777600 0 19837952 15401984 14891008 24748032 10090496 23330816
7990272 14809088 6908928 2105344 4189184 1548288 4837376 13959168 47192064 20614144 0 43697152 21939200 16410624 8524800 17368064
5714944 7070720 5538816 956416 2311168 1428480 1857536 6235136 26032128 20758528 38170624 0 14529536 15869952 5925888 9939968
7886848 11087872 21919744 1120256 5240832 4442112 3567616 2969600 20151296 17070080 18052096 11980800 0 19286016 15380480 30027776
11287552 11108352 14730240 2099200 5174272 2605056 4112384 7195648 19069952 25099264 13776896 15730688 18754560 0 22908928 22710272
6919168 7447552 11277312 427008 2893824 1354752 738304 2539520 13547520 10525696 7894016 6484992 15825920 23370752 0 36447232
7427072 7950336 18109440 884736 3759104 3382272 3057664 2051072 16794624 26444800 15336448 10390528 29688832 23615488 33046528 0
